2
20
21
50
70
71
77
88
125
131
1
9
272
326
391
402
496
498
507
897
82
1012
1413
1415
1440
1441
1442
1448
1462
1569
136
144
150
179
211
219
246
252
260
919
1624
1634
1637
1643
1649
1650
1651
1652
1656
1585
1615
1699
1721
1837
1859
1881
1901
1926
1963
270
298
304
311
317
318
325
349
361
378
1657
1658
1705
1715
1935
2007
2184
2214
2218
2224
1965
2138
2142
2182
2183
2185
2210
2270
2272
2280
419
427
427
429
431
437
438
440
446
448
2231
2238
2303
2342
2361
2383
2389
2418
2437
2438
2319
2322
2362
2450
2453
2525
2646
2667
2670
2772
454
463
480
481
489
494
502
506
519
527
2439
2498
2499
2507
2508
2509
2510
2511
2512
2514
2999
3002
3003
3004
3005
3008
3074
3188
3302
3318
530
531
532
534
549
575
580
584
590
597
2517
2519
2706
2708
2820
2824
2841
2874
2912
2998
3346
3384
3530
3700
4520
4638
5234
6356
6357
6370
601
602
602
616
617
638
679
683
685
689
3019
3028
3167
3317
3324
3651
3838
3982
3983
3984
6380
6431
6590
6790
6875
6878
6910
6911
7160
7160
691
694
704
705
707
709
709
710
727
728
4444
4445
4458
4862
4867
5129
5463
5924
5978
6028
7161
7161
7162
7162
7163
7163
7164
7164
7165
7165
729
744
757
759
766
767
776
779
784
785
6175
6281
6318
6319
6354
6521
6567
6612
6684
6853
7331
7338
7356
7813
7936
7941
7942
7943
7944
7967
787
790
794
796
798
817
822
825
840
845
6860
6861
6862
6863
6864
6882
6954
7104
7182
7205
8007
8212
8268
8290
8294
8295
8296
8297
8298
8300
851
860
876
888
893
895
913
922
925
929
7206
7323
7392
7401
7488
7519
7648
7650
7794
7821
8301
8302
8314
8317
8331
8703
8875
8901
8997
9001
932
940
941
964
967
972
975
977
985
988
7907
8241
8273
8287
8288
8289
8291
8292
8310
8391
9514
12357
72310
188201
188349
188372
188486
188507
188914
995
1001
1006
1024
1030
1036
1047
1062
1064
1104
8432
8794
8818
9025
9026
9027
9028
9094
189033
189034
189029
190374
193005
193145
194835
194835
1229347
1229347
1113
1116
1126
1143
1161
1170
1172
1173
1185
1233
189035
190533
190542
190655
192941
193277
1237
1263
1276
1280
1282
1285
1353
1359
1362
1371
1377
1427
1431
1449
1451
1483
1491
1498
1506
1513
1514
1515
1521
1533
1540
1553
1554
1558
1560
1570
1576
1618
1664
1695
1719
1754
1783
1811
1813
1824
1914
1916
1938
2001
2017
2028
2032
2060
2066
2072
2110
2112
2113
2119
2129
2188
2268
2305
2306
2307
2314
2318
2320
2329
2343
2352
2386
2390
2405
2408
2410
2436
2513
2515
2518
2552
2603
2623
2671
2741
2766
2768
2769
2771
2784
2796
2797
2800
2804
2805
2818
2825
2830
2918
2928
2928
2965
2969
2971
2975
2985
3020
3056
3096
3103
3120
3137
3139
3197
3271
3274
3294
3349
3506
3518
3519
3540
3586
3623
3627
3662
3672
3704
3705
3721
3900
3990
4054
4138
4565
4606
4677
4684
4685
4738
4781
5091
5249
5288
5490
5493
5565
5612
5746
6081
6107
6201
6257
6287
6291
6292
6293
6294
6312
6343
6343
6599
6642
6657
6668
6672
6930
6946
7115
7131
7133
7144
7183
7193
7217
7239
7319
7330
7332
7333
7335
7336
7352
7354
7357
7363
7390
7391
7404
7433
7439
7526
7564
7651
7654
7705
7711
7727
7753
7760
7761
7769
7815
7850
7854
7893
7901
7903
7907
7925
7929
7951
7952
7953
7983
8037
8038
8039
8040
8042
8113
8218
8243
8247
8269
8299
8303
8327
8392
8418
8429
8441
8526
8662
8673
8812
8951
8990
9021
9052
9172
9179
9228
9282
9299
9420
9976
10025
10120
11088
187767
187780
187798
187815
187819
187865
187878
187884
187943
187944
188029
188474
188479
188609
188643
188669
188702
188711
188712
188713
188717
188775
188779
188781
188951
189010
189067
189275
189488
189878
189893
190211
190330
190347
190474
190481
190483
190532
190558
190652
190734
190773
190838
190861
192015
192017
192017
192042
193327
193563
193870
1457
1460
1583
1609
1700
1738
1745
1746
1927
1982
2022
2193
2194
2331
2357
2381
2559
2646
2660
2699
2700
2735
2783
2784
2785
2916
3048
3243
3285
3357
3364
3555
4669
4810
4958
5132
5151
5152
5153
5154
5165
5166
5167
5168
5169
5170
5182
5508
5513
5523
5951
5952
5959
5971
5972
5973
5974
5990
6009
6044
6063
6352
6379
6392
6477
6952
6982
6985
6993
7042
7273
7274
7449
7456
7467
7583
7595
7610
7818
7824
7825
7827
7828
7831
7833
7859
7932
7959
8199
8222
8223
8329
8745
8784
8787
8890
9083
9220
9229
9230
9234
9382
9386
9409
9477
10034
10828
188153
188244
188617
188653
188671
189600
190520
190721
192244
192704
193252
546
1359
1389
1401
1458
1580
1584
1630
1697
1766
1768
1769
1770
1774
1793
1800
1864
1878
2053
2127
2211
2288
2356
2358
2363
2372
2374
2376
2377
2388
2540
3101
3300
3301
3314
3433
3461
3466
3473
3512
3538
3641
3692
3695
4600
5148
5505
6093
6098
6243
6307
6308
6310
6331
6364
6413
6476
6602
6618
6653
6899
6936
6937
6939
6940
6961
6968
7200
7297
7316
7318
7350
7351
7353
7368
7370
7373
7393
7408
7446
7592
7642
7644
7671
7694
7701
7950
7987
8014
8060
8209
8210
8211
8224
8225
8242
8307
8668
8967
9217
9626
188018
188064
188317
188319
188345
188464
188465
188496
188650
188744
188796
188841
189531
189586
190069
190312
190547
190599
190600
190849
190875
192011
192406
192410
192523
193178
123
538
572
600
768
1405
1406
1417
1425
1428
1429
1436
1466
1467
1591
1593
1606
1611
1694
1765
1850
1862
1865
1962
1987
2048
2059
2061
2075
2076
2077
2083
2105
2106
2114
2122
2128
2186
2220
2250
2260
2275
2285
2293
2339
2348
2354
2367
2397
2400
2423
2426
2455
2526
2562
2576
2579
2586
2607
2618
2625
2628
2643
2703
2755
2761
2762
2834
2920
2921
2926
2945
2949
3021
3073
3117
3121
3203
3206
3215
3216
3217
3219
3221
3222
3224
3252
3258
3303
3304
3306
3348
3431
3479
3504
3552
3563
3567
3568
3581
3582
3583
3644
3647
3698
4654
4655
4656
4663
4672
4693
4821
4902
4921
4962
4975
5034
5083
5156
5171
5183
5196
5218
5280
5441
5451
5456
5459
5512
5669
5872
5873
5922
5979
5995
6008
6074
6119
6120
6121
6140
6141
6143
6144
6145
6148
6149
6164
6223
6228
6240
6262
6286
6316
6322
6323
6325
6327
6329
6330
6332
6333
6334
6338
6340
6341
6342
6348
6361
6362
6363
6377
6391
6395
6419
6420
6423
6430
6470
6471
6472
6483
6484
6495
6513
6514
6515
6555
6563
6635
6656
6664
6699
6782
6805
6826
6830
6874
6896
6897
6900
6901
6902
6903
6926
6951
6962
6971
6999
7000
7003
7011
7012
7148
7152
7153
7198
7211
7234
7285
7291
7292
7294
7295
7296
7306
7325
7348
7349
7355
7371
7374
7380
7381
7396
7397
7452
7496
7594
7643
7649
7680
7700
7812
7840
7869
7940
7980
7990
8046
8054
8055
8061
8214
8215
8216
8676
8755
8769
8770
8774
8790
9232
9239
9272
9394
9399
9418
9447
9629
17540
187997
187998
188016
188086
188093
188133
188137
188177
188198
188211
188247
188285
188371
188376
188439
188485
188591
188613
188676
188697
188847
188866
188868
188869
188870
189073
189096
189583
189587
189596
189603
189879
190071
190181
190249
190258
190268
190394
190395
190421
190447
190519
190557
190594
190637
190726
190875
190930
191576
191832
192261
192752
192753
192755
192767
192768
192768
192874
193337
193352
193554
12
1462
1527
2190
2201
2578
3327
3328
3532
3596
3708
3746
5149
5225
5520
5703
5859
5891
5921
6396
6442
6713
6715
6871
6872
6873
6877
6919
6949
7114
7166
7278
7279
7375
7375
7493
7494
7495
7693
7810
8623
8783
9213
9214
9311
9456
10032
10035
187938
188071
188428
188437
188657
188682
188943
189617
189627
190756
193322
619280
1284937
1284968
1285001
1285184
1285326
1285363
3
4
5
6
7
1391
1412
1569
1701
1702
1703
1750
1930
2149
2709
2791
2831
2851
3211
3347
3476
3477
3488
3561
3625
3626
3628
3740
4910
8245
8246
8249
8250
8252
8257
8270
8393
8394
8736
9327
11283
11294
11295
11296
11297
12272
188001
188077
188339
188703
188931
189438
190686
191285
191422
191589
191817
193584
619280
1285363
806
1410
1535
1704
1847
1873
1915
1931
2056
2191
2269
2336
2365
2368
2412
2426
2670
2714
2728
2782
2793
2827
2837
3016
3037
3178
3292
3315
3336
3344
3363
3449
3587
3630
3785
4830
4877
5419
5421
5423
5447
5460
5464
5465
5520
5632
5706
5706
5710
5711
5712
5715
5716
5721
5722
5927
5928
5929
5940
5946
5957
6039
6040
6041
6355
6479
6539
6558
6687
6807
6859
6934
6960
7087
7866
7956
8152
8194
8200
8313
8324
8326
8397
8670
9144
9251
9395
9405
9411
12457
188060
188243
188301
188350
188369
188590
189942
189994
190233
192263
192714
192740
192754
192754
193203
1822
2652
2659
2694
2737
2812
3371
3493
3494
3495
3736
6345
6346
9646
188792

